17415758
17415757
17415759
17424574
17424573
17424575
17438373
17438364
17438370
17438367
17438361
17438351
17438352
17438368
17438359
17438358
17438355
17438357
17438354
17438360
17438353
17438371
17438453
17438441
17438382
17438389
17438459
17438451
17438455
17438450
17438444
17438447
17438452
17438375
17438448
17438446
17438457
17438458
17438445
17438456
17438376
17438390
17438386
17438440
17438388
17438378
17438442
17438391
17438385
17438380
17438461
17438473
17438470
17438462
17438479
17438460
17438463
17438465
17438471
17438464
17438468
17438472
17438474
17438475
17438467
17438476
17438374
17446539
17446540
17446541
17461773
17461772
17461771
17466779
17466780
17466778
17490822
17490821
17490820
17490836
17490831
17490835
17490823
17490830
17490832
17490826
17555221
17555224
17555225
17555208
17555227
17555231
17555230
17555228
17558650
17558642
17558649
17558646
17558644
17558645
17558641
17558643
17558652
17558651
17558647
17568421
17568419
17568420
17568418
17568427
17568429
17568423
